# This file may be used to create an environment using:
# $ conda create --name <env> --file <this file>
# platform: win-64
annotated-types=0.6.0=py311haa95532_0
anyio=4.2.0=py311haa95532_0
asttokens=2.4.1=pyhd8ed1ab_0
blinker=1.6.2=py311haa95532_0
bzip2=1.0.8=h2bbff1b_6
ca-certificates=2024.7.4=h56e8100_0
certifi=2024.7.4=pyhd8ed1ab_0
charset-normalizer=3.3.2=pypi_0
click=8.1.7=py311haa95532_0
colorama=0.4.6=py311haa95532_0
comm=0.2.2=pyhd8ed1ab_0
debugpy=1.8.3=py311hda3d55a_0
decorator=5.1.1=pyhd8ed1ab_0
distro=1.9.0=py311haa95532_0
exceptiongroup=1.2.2=pyhd8ed1ab_0
executing=2.0.1=pyhd8ed1ab_0
flask=3.0.3=py311haa95532_0
h11=0.14.0=py311haa95532_0
httpcore=1.0.2=py311haa95532_0
httpx=0.26.0=py311haa95532_0
idna=3.7=py311haa95532_0
importlib-metadata=8.2.0=pyha770c72_0
importlib_metadata=8.2.0=hd8ed1ab_0
ipykernel=6.29.5=pyh4bbf305_0
ipython=8.26.0=pyh7428d3b_0
itsdangerous=2.2.0=py311haa95532_0
jedi=0.19.1=pyhd8ed1ab_0
jinja2=3.1.4=py311haa95532_0
jupyter_client=8.6.2=pyhd8ed1ab_0
jupyter_core=5.7.2=py311h1ea47a8_0
krb5=1.21.3=hdf4eb48_0
libffi=3.4.4=hd77b12b_1
libsodium=1.0.18=h8d14728_1
markupsafe=2.1.3=py311h2bbff1b_0
matplotlib-inline=0.1.7=pyhd8ed1ab_0
nest-asyncio=1.6.0=pyhd8ed1ab_0
openai=1.37.0=py311haa95532_0
openssl=3.3.1=h2466b09_2
packaging=24.1=pyhd8ed1ab_0
parso=0.8.4=pyhd8ed1ab_0
pickleshare=0.7.5=py_1003
pip=24.0=py311haa95532_0
platformdirs=4.2.2=pyhd8ed1ab_0
prompt-toolkit=3.0.47=pyha770c72_0
psutil=6.0.0=py311he736701_0
pure_eval=0.2.3=pyhd8ed1ab_0
pydantic=2.5.3=py311haa95532_0
pydantic-core=2.14.6=py311h062c2fa_0
pygments=2.18.0=pyhd8ed1ab_0
python=3.11.9=he1021f5_0
python-dateutil=2.9.0=pyhd8ed1ab_0
python_abi=3.11=2_cp311
pywin32=306=py311h12c1d0e_2
pyzmq=26.0.3=py311h484c95c_0
requests=2.32.3=pypi_0
setuptools=69.5.1=py311haa95532_0
six=1.16.0=pyh6c4a22f_0
sniffio=1.3.0=py311haa95532_0
sqlite=3.45.3=h2bbff1b_0
stack_data=0.6.2=pyhd8ed1ab_0
tk=8.6.14=h0416ee5_0
tornado=6.4.1=py311he736701_0
tqdm=4.66.4=py311h746a85d_0
traitlets=5.14.3=pyhd8ed1ab_0
typing-extensions=4.11.0=py311haa95532_0
typing_extensions=4.11.0=py311haa95532_0
tzdata=2024a=h04d1e81_0
ucrt=10.0.22621.0=h57928b3_0
urllib3=2.2.2=pypi_0
vc=14.2=h2eaa2aa_4
vc14_runtime=14.40.33810=ha82c5b3_20
vs2015_runtime=14.40.33810=h3bf8584_20
wcwidth=0.2.13=pyhd8ed1ab_0
werkzeug=3.0.3=py311haa95532_0
wheel=0.43.0=py311haa95532_0
xz=5.4.6=h8cc25b3_1
youtube-transcript-api=0.6.2=pypi_0
zeromq=4.3.5=he1f189c_4
zipp=3.19.2=pyhd8ed1ab_0
zlib=1.2.13=h8cc25b3_1
